2 10
0 12
2 14
0 16
1 2066
2 30
2 32
0 20
0 0
2 34
0 22
0 2
2 36
0 40
2 42
2 44
2 46
2 54
2 56
2 42
2 44
2 46
2 50
2 52
2 54
2 56
2 42
2 44
2 46
2 54
2 56
2 42
2 44
2 46
2 50
2 52
2 54
2 56
2 42
2 44
2 46
2 50
2 52
2 54
2 56
2 42
2 44
2 46
2 50
2 52
2 54
2 56
2 42
2 44
2 46
2 54
2 56
2 42
2 44
2 46
2 54
2 56
2 42
2 44
2 46
2 54
2 56
2 42
2 44
2 46
2 54
2 56
2 42
2 44
2 46
2 54
2 56
2 42
2 44
2 46
2 54
2 56
2 42
2 44
2 46
2 50
2 52
2 54
2 56
2 42
2 44
2 46
2 50
2 52
2 54
2 56
2 42
2 44
2 46
2 50
2 52
2 54
2 56
2 42
2 44
2 46
2 50
2 52
2 54
2 56
2 60
0 24
2 62
1 4
2 64
1 6
2 66
0 2066
2 26
